# realization for 1guu-1_gph
param xbar :=
 1 1  2666.3399292210906
 1 2  2219.9596433183297
 1 3  -346.75340132393546
 2 1  2667.7101492461566
 2 2  2219.4942146835815
 2 3  -346.39847986659447
 3 1  2668.7796964872605
 3 2  2220.3156115188776
 3 3  -347.09963460857875
 4 1  2668.471591389495
 4 2  2221.576280522516
 4 3  -347.3551622175317
 5 1  2669.4052525269367
 5 2  2222.4244873164193
 5 3  -348.07563141368485
 6 1  2669.2365948999973
 6 2  2222.4124682576194
 6 3  -349.48905198768483
 7 1  2670.350854731541
 7 2  2222.279688347714
 7 3  -350.180823565599
 8 1  2670.3181290296075
 8 2  2222.165906362615
 8 3  -351.64442129728286
 9 1  2669.969234954351
 9 2  2223.5295104446914
 9 3  -352.2406592916913
 10 1  2669.407062205516
 10 2  2223.478961933957
 10 3  -353.483598727797
 11 1  2669.0376203885276
 11 2  2224.7251331748002
 11 3  -354.14217463912786
 12 1  2670.2309168004335
 12 2  2225.354185035849
 12 3  -354.891297791207
 13 1  2670.3239055524978
 13 2  2226.6818620662084
 13 3  -354.775061861473
 14 1  2671.4625297916405
 14 2  2227.357328144408
 14 3  -355.4339146348282
 15 1  2671.038235751775
 15 2  2227.777188842132
 15 3  -356.87609929340897
 16 1  2671.7787140578293
 16 2  2228.6325378670786
 16 3  -357.4590921716759
 17 1  2671.509243400206
 17 2  2229.097836826295
 17 3  -358.8356605802498
 18 1  2671.6909982640796
 18 2  2227.8930272616385
 18 3  -359.78447382144105
 19 1  2672.6427825819223
 19 2  2227.0422168663326
 19 3  -359.52392583871614
 20 1  2672.865910191011
 20 2  2225.867497805855
 20 3  -360.3629334480964
 21 1  2671.654987028665
 21 2  2224.913358552934
 21 3  -360.3175225653494
 22 1  2671.0496547362327
 22 2  2224.808569931986
 22 3  -359.13475097809527
 23 1  2669.8022508407703
 23 2  2224.0954469140584
 23 3  -358.9986163961497
 24 1  2668.682615254597
 24 2  2224.645498440174
 24 3  -359.73202274839576
 25 1  2668.547771633941
 25 2  2225.8414047309234
 25 3  -359.6997236583538
 26 1  2667.4434161920212
 26 2  2226.4297043066886
 26 3  -360.4346573047856
 27 1  2667.633147135165
 27 2  2226.450026722637
 27 3  -361.88010620442924
 28 1  2668.8105650967586
 28 2  2226.5327177640493
 28 3  -362.3849097253737
 29 1  2669.0695422570707
 29 2  2226.3062362642627
 29 3  -363.8148513467207
 30 1  2668.8182091227827
 30 2  2224.7090267930075
 30 3  -364.2336451331491
 31 1  2669.2344054630908
 31 2  2223.789510154814
 31 3  -363.419304042638
 32 1  2668.7520152167967
 32 2  2222.7489196886168
 32 3  -363.81691889772463
 33 1  2666.9071875673985
 33 2  2222.6812864267195
 33 3  -363.29587482487494
 34 1  2666.953559833044
 34 2  2222.640032882978
 34 3  -362.8247721663511
 35 1  2665.3760580569706
 35 2  2222.486374848558
 35 3  -362.5795290224471
 36 1  2664.491404435947
 36 2  2223.6881969490582
 36 3  -363.5126951326818
 37 1  2665.011487812122
 37 2  2224.4329070541653
 37 3  -364.5564724848017
 38 1  2664.208431831025
 38 2  2225.6358119066686
 38 3  -364.3555933628042
 39 1  2664.497365283895
 39 2  2226.4950948706346
 39 3  -363.01622277525655
 40 1  2665.7076533359464
 40 2  2226.8091674964758
 40 3  -363.2592870891889
 41 1  2667.006754526984
 41 2  2227.2495451301165
 41 3  -362.439728699255
 42 1  2667.1342267977343
 42 2  2226.467955502944
 42 3  -360.99869609449115
 43 1  2666.092089019531
 43 2  2226.4324815492237
 43 3  -360.75465330668465
 44 1  2666.1341833510664
 44 2  2225.668793978025
 44 3  -359.3147365203823
 45 1  2666.2666071392264
 45 2  2224.3223413901906
 45 3  -359.30701092251667
 46 1  2665.3655885723892
 46 2  2224.086662820744
 46 3  -359.8877939286442
 47 1  2664.9032844768512
 47 2  2222.5540085312255
 47 3  -360.5434270809303
 48 1  2666.0073175251073
 48 2  2222.0020291054743
 48 3  -361.4416444561074
 49 1  2666.497782208175
 49 2  2222.7300401379107
 49 3  -362.29222978513957
 50 1  2667.5327205469544
 50 2  2222.475259164415
 50 3  -363.16552408748316
 51 1  2668.8299526738947
 51 2  2222.102178750286
 51 3  -362.44870257913203
 52 1  2669.12369526305
 52 2  2222.758181269239
 52 3  -361.4419958149557
 53 1  2670.315383247905
 53 2  2222.474430649426
 53 3  -360.72124756214953
 54 1  2670.1775722501266
 54 2  2221.4261245631037
 54 3  -359.60759632699416
 55 1  2668.9938476466205
 55 2  2221.2810814930754
 55 3  -359.0342670383616
 56 1  2668.711776653085
 56 2  2220.341605939009
 56 3  -358.00752732058817
 57 1  2667.9292643506524
 57 2  2219.1275866885785
 57 3  -358.26812272618696
 58 1  2667.2456035286446
 58 2  2219.167187219225
 58 3  -359.3188760037109
 59 1  2666.39731005661
 59 2  2218.0431691609133
 59 3  -359.71500610092784
 60 1  2665.096545821415
 60 2  2218.130968270481
 60 3  -358.9476997675835
 61 1  2664.210322751466
 61 2  2217.169174513681
 61 3  -359.11829371040585
 62 1  2662.9351047821983
 62 2  2217.1428596948003
 62 3  -358.4532313718205
 63 1  2662.719550229151
 63 2  2216.0897338685677
 63 3  -357.3404983131226
 64 1  2663.703821368571
 64 2  2215.4175695544423
 64 3  -356.9631106762645
 65 1  2663.7106323095372
 65 2  2214.4974980238753
 65 3  -355.8094641866508
 66 1  2663.9863647607845
 66 2  2215.3111379837414
 66 3  -354.6032176530659
 67 1  2663.3296367113403
 67 2  2216.307067874664
 67 3  -354.3945077659314
 68 1  2663.13249875063
 68 2  2217.0355045266238
 68 3  -353.1280391677544
 69 1  2663.3871227315212
 69 2  2218.6567352655347
 69 3  -353.5369441188524
 70 1  2663.6004119121853
 70 2  2219.459303830926
 70 3  -353.9076736833447
 71 1  2664.1552982343283
 71 2  2220.710312786908
 71 3  -353.6279532366406
 72 1  2665.293172214778
 72 2  2220.7461838070753
 72 3  -352.8200788348588
 73 1  2666.279286851155
 73 2  2219.7898175739115
 73 3  -352.83055417044113
 74 1  2667.114988158507
 74 2  2218.8612863031535
 74 3  -351.91479400295026
 75 1  2666.4571489455334
 75 2  2218.5808062779993
 75 3  -350.45924076370096
 76 1  2666.0848800240606
 76 2  2219.506813682877
 76 3  -350.1052731709544
 77 1  2665.198053332745
 77 2  2219.806003655066
 77 3  -348.9317085580915
 78 1  2663.588562720146
 78 2  2219.343254747401
 78 3  -349.31037403790896
 79 1  2663.548428916596
 79 2  2219.2325843214912
 79 3  -349.36311987966604
 80 1  2661.93417882438
 80 2  2218.8953126708134
 80 3  -349.7909273493782
 81 1  2662.409829553671
 81 2  2217.4542132269285
 81 3  -351.2239679541883
 82 1  2662.803571431277
 82 2  2217.207711069317
 82 3  -351.4467267172263
 83 1  2662.654407469725
 83 2  2216.797985371097
 83 3  -352.8460862084151
 84 1  2663.304870902031
 84 2  2217.919693837567
 84 3  -353.88861877997095
 85 1  2663.2237459966937
 85 2  2219.2798049077714
 85 3  -353.3886707070668
 86 1  2663.87301268112
 86 2  2220.330061784082
 86 3  -353.9452100216343
 87 1  2665.4793305269104
 87 2  2220.0246376735968
 87 3  -353.948161626218
 88 1  2665.8201948401434
 88 2  2219.255246925528
 88 3  -353.41743739477204
 89 1  2667.0338869125494
 89 2  2218.9960784429577
 89 3  -352.19970039377426
 90 1  2667.711471910048
 90 2  2217.6625663441055
 90 3  -352.8861535659517
 91 1  2666.989380178626
 91 2  2216.980176657227
 91 3  -353.35134370328444
 92 1  2667.3838414593165
 92 2  2215.5324481970174
 92 3  -353.9183648737294
 93 1  2666.55130970158
 93 2  2214.439326746516
 93 3  -353.14924980404845
 94 1  2665.1909591743
 94 2  2214.5768190451363
 94 3  -353.83152185047817
 95 1  2664.2115169608683
 95 2  2213.490757942557
 95 3  -353.5660693727141
 96 1  2664.3823973334647
 96 2  2212.624078693083
 96 3  -352.4108985824627
 97 1  2663.843753980634
 97 2  2212.0695925846912
 97 3  -351.65420739609203
 98 1  2663.6271352627828
 98 2  2211.6497034245726
 98 3  -350.2975323916003
 99 1  2664.471957033838
 99 2  2212.3068439221875
 99 3  -349.21903666443876
 100 1  2665.1910037879975
 100 2  2213.284332769285
 100 3  -349.4775983597181
 101 1  2665.7022554692517
 101 2  2214.3331088087903
 101 3  -348.5328520544001
 102 1  2665.2016310778677
 102 2  2215.6166770456803
 102 3  -348.50789787377676
 103 1  2664.3937164513904
 103 2  2216.3280598206215
 103 3  -347.8134273215319
 104 1  2663.7586637980244
 104 2  2217.498447279291
 104 3  -347.88796977509446
 105 1  2664.0126718929178
 105 2  2218.570553376929
 105 3  -348.55513134852356
 106 1  2663.4781671311434
 106 2  2219.68726870938
 106 3  -348.9141650034469
 107 1  2664.0088231735067
 107 2  2221.0813565446797
 107 3  -348.77874082632616
 108 1  2665.6128951019778
 108 2  2221.232465637601
 108 3  -348.9387057268066
 109 1  2666.2290597227643
 109 2  2220.490806958702
 109 3  -349.9716570012973
 110 1  2667.348647245045
 110 2  2220.569013598297
 110 3  -349.85955580689966
 111 1  2667.8688800967025
 111 2  2219.071218933479
 111 3  -348.67836377175604
 112 1  2667.925543565375
 112 2  2219.030917752477
 112 3  -348.5552964304454
 113 1  2668.637452004812
 113 2  2218.173999512944
 113 3  -347.460067607614
 114 1  2668.023841642502
 114 2  2218.522192833296
 114 3  -346.04987528628294
 115 1  2667.1955873072334
 115 2  2219.744320994785
 115 3  -345.86747844960587
 116 1  2666.442678360342
 116 2  2219.5551902608295
 116 3  -344.65545748148025
 117 1  2665.1548713960724
 117 2  2218.5863586888127
 117 3  -344.93124668410616
 118 1  2664.504337759482
 118 2  2218.8084802440503
 118 3  -346.15676360831526
 119 1  2663.7085474818314
 119 2  2218.0268349251523
 119 3  -346.9624166368241
 120 1  2664.3841892050914
 120 2  2216.3714538575487
 120 3  -347.1702519745164
 121 1  2664.3969901679725
 121 2  2216.3408700668424
 121 3  -346.7808847535855
 122 1  2664.7900982997285
 122 2  2214.5832488023993
 122 3  -346.4185005957991
 123 1  2666.223498837239
 123 2  2214.38415677089
 123 3  -346.2179778878859
 124 1  2666.6379000519305
 124 2  2214.9865075714997
 124 3  -345.4053818068138
 125 1  2668.2132147718876
 125 2  2215.1796567539395
 125 3  -345.1135959650636
 126 1  2668.9531328134035
 126 2  2215.8187227837707
 126 3  -346.22922051628177
 127 1  2668.412679157
 127 2  2216.803722234763
 127 3  -346.8574049478402
 128 1  2668.764910359037
 128 2  2217.4382577696406
 128 3  -348.0448055986745
 129 1  2668.870206893615
 129 2  2216.3745834572387
 129 3  -349.2782852651447
 130 1  2668.042300138935
 130 2  2215.459259938914
 130 3  -349.51898975640347
 131 1  2668.3057700221666
 131 2  2214.3997686229227
 131 3  -350.2556963538842
 132 1  2669.61064539906
 132 2  2213.3690776245226
 132 3  -349.64359733841036
 133 1  2669.5700545121067
 133 2  2213.337242792382
 133 3  -348.93905421098015
 134 1  2670.9171943016063
 134 2  2212.551673794247
 134 3  -348.7138431759018
 135 1  2672.3145989998297
 135 2  2213.976552594494
 135 3  -348.53162014586644
 136 1  2672.377194800231
 136 2  2214.459317201552
 136 3  -348.3837959227716
 137 1  2673.13992938513
 137 2  2215.243530138669
 137 3  -347.2891291355225
 138 1  2672.2118013052077
 138 2  2215.6635639020933
 138 3  -345.97233074797214
 139 1  2671.0593142373923
 139 2  2215.1858624535635
 139 3  -345.9598187309808
 140 1  2669.7274404841187
 140 2  2215.5108909308237
 140 3  -345.43214759414053
 141 1  2669.0742519984174
 141 2  2216.757480764134
 141 3  -346.29740005687194
 142 1  2669.3005555333225
 142 2  2216.9454569389045
 142 3  -347.3255971820244
 143 1  2668.7258880380828
 143 2  2217.1598160286894
 143 3  -348.7125852909862
 144 1  2669.6583839717373
 144 2  2217.200801183634
 144 3  -349.8745080315883
 145 1  2670.6364299438937
 145 2  2218.070106001916
 145 3  -349.9122105443101
 146 1  2671.5740576515427
 146 2  2218.212832785534
 146 3  -351.03604076156824
 147 1  2671.937319622656
 147 2  2216.906940289988
 147 3  -351.6795912472137
 148 1  2671.416830775634
 148 2  2216.588381662483
 148 3  -352.8397648616579
 149 1  2671.6984268022493
 149 2  2215.3357308264012
 149 3  -353.5538538411092
 150 1  2671.2596351171587
 150 2  2214.166998286159
 150 3  -352.77047902852917
;
