# realization for tiny_gph
param xbar :=
 1 1  -0.67072
 1 2  2.41684
 1 3  1.17593
 2 1  -1.60154
 2 2  1.61841
 2 3  1.14779
 3 1  0.460606
 3 2  2.32456
 3 3  0.364612
 4 1  0.553367
 4 2  1.19836
 4 3  -0.596298
 5 1  1.67822
 5 2  1.68589
 5 3  -1.48269
 6 1  2.56578
 6 2  2.36157
 6 3  -0.484588
 7 1  1.6085
 7 2  3.15009
 7 3  0.38334
 8 1  0.939835
 8 2  -0.0740106
 8 3  0.139686
 9 1  1.26062
 9 2  0.0192067
 9 3  1.31408
 10 1  2.22256
 10 2  0.878131
 10 3  -1.97875
 11 1  2.006
 11 2  3.27795
 11 3  1.39371
 12 1  3.17405
 12 2  1.66465
 12 3  0.0997136
 13 1  1.37716
 13 2  2.42208
 13 3  -2.24281
 14 1  1.42537
 14 2  4.1465
 14 3  -0.0471639
 15 1  3.27861
 15 2  3.02745
 15 3  -0.977011
 16 1  -0.323873
 16 2  0.982374
 16 3  -1.16086
 17 1  1.04594
 17 2  -1.17289
 17 3  -0.577205
 18 1  1.33681
 18 2  -2.51451
 18 3  -0.00532801
 19 1  2.85388
 19 2  -2.62343
 19 3  0.34523
 20 1  3.52383
 20 2  -3.52409
 20 3  -0.54553
 21 1  0.525637
 21 2  -2.87886
 21 3  1.17577
 22 1  0.518385
 22 2  -2.26584
 22 3  2.22784
 23 1  3.31513
 23 2  -1.65162
 23 3  0.268627
 24 1  2.95935
 24 2  -2.98314
 24 3  1.36567
 25 1  0.882548
 25 2  -1.10137
 25 3  -1.57063
 26 1  1.17137
 26 2  -3.18135
 26 3  -0.813908
 27 1  4.4302
 27 2  -3.61919
 27 3  -0.320736
 28 1  1.71719e-15
 28 2  1.42465e-15
 28 3  -3.60623e-15
 29 1  -0.725626
 29 2  0.684691
 29 3  3.73006
 30 1  -3.21962
 30 2  -0.598301
 30 3  0.0161788
 31 1  -5.35093
 31 2  0.194732
 31 3  -0.0629526
 32 1  -4.04202
 32 2  0.448561
 32 3  0.373248
 33 1  -5.30488
 33 2  -0.993099
 33 3  -0.710337
 34 1  -4.02827
 34 2  -1.53661
 34 3  -0.665145
 35 1  -6.1955
 35 2  0.844578
 35 3  0.0768422
 36 1  -6.20812
 36 2  -1.49821
 36 3  -1.20719
 37 1  -3.76951
 37 2  1.27676
 37 3  0.929823
 38 1  -3.67136
 38 2  -2.406
 38 3  -1.07808
;
